sht (0)(0)(0)(0){SHIFT}
crg (0)(0)(0)(0)
non (0)(0)(0)(0)[main]
non (0)(0)(0)(0)[init]
ldi (0)(1)(0)(1)
ldi (0)(1)()(1)
ldi (0)(2)(0)(2)
ldi (0)(4)(0)(4)
irp (0)(1)(0)(3)
orp (0)(0)(1)(5)
non (0)(0)(0)(0)[wait]
brn (0)(0)(710)(4){ret}
adi (0)(4)(1)(4)
jmp (0)(0)(0)(0){wait}
non (0)(0)(0)(0)[ret]
irp (0)(2)(0)(3)
brh (0)(0)(2)(1){write}
ldi (0)(4)(0)(4)
jmp (0)(0)(0)(0){init}
non (0)(0)(0)(0)[write]
mov (0)(3)(0)(2)
brn (0)(0)(64)(3){end}
orp (0)(0)(3)(3)
orp (0)(0)(3)(5)
jmp (0)(0)(0)(0){init}
non (0)(0)(0)(0)[end]
onp (0)(0)(1)(2)
hlt (0)(0)(0)(0)
end (0)(0)(0)(0)
[STP]
sht (0)(0)(0)(0){SHIFT}
crg (0)(0)(0)(0)
non (0)(0)(0)(0)[main]
non (0)(0)(0)(0)[init]
ldi (0)(1)(0)(1)
ldi (0)(1)(0.5)(1)
ldi (0)(2)(0)(2)
ldi (0)(4)(0)(4)
irp (0)(1)(0)(3)
orp (0)(0)(1)(5)
non (0)(0)(0)(0)[wait]
brn (0)(0)(710)(4){ret}
adi (0)(4)(1)(4)
jmp (0)(0)(0)(0){wait}
non (0)(0)(0)(0)[ret]
irp (0)(2)(0)(3)
brh (0)(0)(2)(1){write}
ldi (0)(4)(0)(4)
jmp (0)(0)(0)(0){init}
non (0)(0)(0)(0)[write]
mov (0)(3)(0)(2)
brn (0)(0)(64)(3){end}
orp (0)(0)(3)(3)
orp (0)(0)(3)(5)
jmp (0)(0)(0)(0){init}
non (0)(0)(0)(0)[end]
onp (0)(0)(1)(2)
hlt (0)(0)(0)(0)
end (0)(0)(0)(0)
[STP]
sht (0)(0)(0)(0){SHIFT}
crg (0)(0)(0)(0)
non (0)(0)(0)(0)[main]
non (0)(0)(0)(0)[init]
ldi (0)(1)(0)(1)
ldi (0)(2)(0)(2)
non (0)(0)(0)(0)
brn (0)(0)(0)(1){init}
non (0)(0)(0)(0)
brh (0)(0)(2)(1){write}
jmp (0)(0)(0)(0){init}
non (0)(0)(0)(0)[write]
mov (0)(3)(0)(2)
brn (0)(0)(64)(3){end}
orp (0)(0)(3)(3)
orp (0)(0)(3)(5)
jmp (0)(0)(0)(0){init}
non (0)(0)(0)(0)[end]
onp (0)(0)(1)(2)
hlt (0)(0)(0)(0)
end (0)(0)(0)(0)
[STP]
sht (0)(0)(0)(0){SHIFT}
crg (0)(0)(0)(0)
non (0)(0)(0)(0)[main]
non (0)(0)(0)(0)[init]
ldi (0)(1)(0)(1)
ldi (0)(2)(0)(2)
non (0)(0)(0)(0)
non (0)(0)(0)(0)
brn (0)(0)(0)(1){init}
non (0)(0)(0)(0)
non (0)(0)(0)(0)
brh (0)(0)(2)(1){write}
jmp (0)(0)(0)(0){init}
non (0)(0)(0)(0)[write]
mov (0)(3)(0)(2)
brn (0)(0)(64)(3){end}
orp (0)(0)(3)(3)
orp (0)(0)(3)(5)
jmp (0)(0)(0)(0){init}
non (0)(0)(0)(0)[end]
onp (0)(0)(1)(2)
hlt (0)(0)(0)(0)
end (0)(0)(0)(0)
[STP]
sht (0)(0)(0)(0){SHIFT}
crg (0)(0)(0)(0)
non (0)(0)(0)(0)[main]
non (0)(0)(0)(0)[init]
ldi (0)(1)(0)(1)
ldi (0)(2)(0)(2)
irp (0)(1)(0)(3)
orp (0)(0)(1)(5)
brn (0)(0)(0)(1){init}
irp (0)(2)(0)(4)
orp (0)(0)(2)(5)
brh (0)(0)(2)(1){write}
jmp (0)(0)(0)(0){init}
non (0)(0)(0)(0)[write]
mov (0)(3)(0)(2)
brn (0)(0)(64)(3){end}
orp (0)(0)(3)(3)
orp (0)(0)(3)(5)
jmp (0)(0)(0)(0){init}
non (0)(0)(0)(0)[end]
onp (0)(0)(1)(2)
hlt (0)(0)(0)(0)
end (0)(0)(0)(0)
[STP]
sht (0)(0)(0)(0){SHIFT}
crg (0)(0)(0)(0)
non (0)(0)(0)(0)[main]
non (0)(0)(0)(0)[init]
irp (0)(1)(0)(3)
orp (0)(0)(1)(5)
brn (0)(0)(0)(1){init}
irp (0)(2)(0)(4)
orp (0)(0)(2)(5)
brh (0)(0)(2)(1){write}
jmp (0)(0)(0)(0){init}
non (0)(0)(0)(0)[write]
mov (0)(3)(0)(2)
brn (0)(0)(64)(3){end}
orp (0)(0)(3)(3)
orp (0)(0)(3)(5)
ldi (0)(1)(0)(1)
ldi (0)(2)(0)(2)
jmp (0)(0)(0)(0){init}
non (0)(0)(0)(0)[end]
onp (0)(0)(1)(2)
hlt (0)(0)(0)(0)
end (0)(0)(0)(0)
[STP]
sht (0)(0)(0)(0){SHIFT}
crg (0)(0)(0)(0)
non (0)(0)(0)(0)[main]
non (0)(0)(0)(0)[init]
ldi (0)(1)(0)(1)
ldi (0)(2)(0)(2)
irp (0)(1)(0)(3)
orp (0)(0)(1)(5)
brn (0)(0)(0)(1){init}
irp (0)(2)(0)(4)
orp (0)(0)(2)(5)
brh (0)(0)(2)(1){write}
jmp (0)(0)(0)(0){init}
non (0)(0)(0)(0)[write]
mov (0)(3)(0)(2)
brn (0)(0)(64)(3){end}
orp (0)(0)(3)(3)
orp (0)(0)(3)(5)
ldi (0)(1)(0)(1)
ldi (0)(2)(0)(2)
jmp (0)(0)(0)(0){init}
non (0)(0)(0)(0)[end]
onp (0)(0)(1)(2)
hlt (0)(0)(0)(0)
end (0)(0)(0)(0)
[STP]
sht (0)(0)(0)(0){SHIFT}
crg (0)(0)(0)(0)
non (0)(0)(0)(0)[main]
non (0)(0)(0)(0)[init]
mov (0)(1)(0)(0)
mov (0)(2)(0)(0)
irp (0)(1)(0)(3)
orp (0)(0)(1)(5)
brn (0)(0)(0)(1){init}
irp (0)(2)(0)(4)
orp (0)(0)(2)(5)
brh (0)(0)(2)(1){write}
jmp (0)(0)(0)(0){init}
non (0)(0)(0)(0)[write]
mov (0)(3)(0)(2)
brn (0)(0)(64)(3){end}
orp (0)(0)(3)(3)
orp (0)(0)(3)(5)
mov (0)(1)(0)(0)
mov (0)(2)(0)(0)
jmp (0)(0)(0)(0){init}
non (0)(0)(0)(0)[end]
onp (0)(0)(1)(2)
hlt (0)(0)(0)(0)
end (0)(0)(0)(0)
[STP]
sht (0)(0)(0)(0){SHIFT}
crg (0)(0)(0)(0)
non (0)(0)(0)(0)[main]
non (0)(0)(0)(0)[init]
mov (0)(1)(0)(0)
mov (0)(2)(0)(0)
orp (0)(0)(1)(5)
orp (0)(0)(2)(5)
irp (0)(1)(0)(3)
orp (0)(0)(1)(5)
brn (0)(0)(0)(1){init}
irp (0)(2)(0)(4)
orp (0)(0)(2)(5)
brh (0)(0)(2)(1){write}
jmp (0)(0)(0)(0){init}
non (0)(0)(0)(0)[write]
mov (0)(3)(0)(2)
brn (0)(0)(64)(3){end}
orp (0)(0)(3)(3)
orp (0)(0)(3)(5)
mov (0)(1)(0)(0)
mov (0)(2)(0)(0)
jmp (0)(0)(0)(0){init}
non (0)(0)(0)(0)[end]
onp (0)(0)(1)(2)
hlt (0)(0)(0)(0)
end (0)(0)(0)(0)
[STP]
sht (0)(0)(0)(0){SHIFT}
crg (0)(0)(0)(0)
non (0)(0)(0)(0)[main]
non (0)(0)(0)(0)[init]
brn (0)(0)(200)(4){gos}
jmp (0)(0)(0)(0){init}
non (0)(0)(0)(0)[gos]
mov (0)(1)(0)(0)
mov (0)(2)(0)(0)
orp (0)(0)(1)(5)
orp (0)(0)(2)(5)
irp (0)(1)(0)(3)
orp (0)(0)(1)(5)
brn (0)(0)(0)(1){init}
irp (0)(2)(0)(4)
orp (0)(0)(2)(5)
brh (0)(0)(2)(1){write}
jmp (0)(0)(0)(0){init}
non (0)(0)(0)(0)[write]
mov (0)(3)(0)(2)
brn (0)(0)(64)(3){end}
orp (0)(0)(3)(3)
orp (0)(0)(3)(5)
mov (0)(1)(0)(0)
mov (0)(2)(0)(0)
jmp (0)(0)(0)(0){init}
non (0)(0)(0)(0)[end]
onp (0)(0)(1)(2)
hlt (0)(0)(0)(0)
end (0)(0)(0)(0)
[STP]
sht (0)(0)(0)(0){SHIFT}
crg (0)(0)(0)(0)
non (0)(0)(0)(0)[main]
non (0)(0)(0)(0)[init]
mov (0)(1)(0)(0)
mov (0)(2)(0)(0)
non (0)(0)(0)(0)[code]
irp (0)(1)(0)(3)
orp (0)(0)(1)(5)
brn (0)(0)(0)(1){init}
non (0)(0)(0)(0)[loop]
irp (0)(2)(0)(4)
brh (0)(0)(1)(2){write}
jmp (0)(0)(0)(0){loop}
non (0)(0)(0)(0)[write]
mov (0)(3)(0)(2)
brn (0)(0)(64)(3){end}
orp (0)(0)(3)(3)
orp (0)(0)(3)(5)
jmp (0)(0)(0)(0){init}
non (0)(0)(0)(0)[end]
onp (0)(0)(1)(2)
hlt (0)(0)(0)(0)
end (0)(0)(0)(0)
[STP]
sht (0)(0)(0)(0){SHIFT}
crg (0)(0)(0)(0)
non (0)(0)(0)(0)[main]
non (0)(0)(0)(0)[init]
mov (0)(1)(0)(0)
mov (0)(2)(0)(0)
non (0)(0)(0)(0)[code]
irp (0)(1)(0)(3)
orp (0)(0)(1)(5)
brn (0)(0)(0)(1){init}
non (0)(0)(0)(0)[loop]
irp (0)(2)(0)(4)
brh (0)(0)(1)(2){write}
jmp (0)(0)(0)(0){loop}
non (0)(0)(0)(0)[write]
mov (0)(3)(0)(2)
brn (0)(0)(64)(3){end}
brn (0)(0)(0)(3){init}
orp (0)(0)(3)(2)
jmp (0)(0)(0)(0){init}
non (0)(0)(0)(0)[end]
onp (0)(0)(1)(2)
hlt (0)(0)(0)(0)
end (0)(0)(0)(0)
[STP]
sht (0)(0)(0)(0){SHIFT}
crg (0)(0)(0)(0)
non (0)(0)(0)(0)[main]
non (0)(0)(0)(0)[init]
mov (0)(1)(0)(0)
mov (0)(2)(0)(0)
non (0)(0)(0)(0)[code]
irp (0)(1)(0)(3)
brn (0)(0)(0)(1){init}
non (0)(0)(0)(0)[loop]
irp (0)(2)(0)(4)
brh (0)(0)(1)(2){write}
jmp (0)(0)(0)(0){loop}
non (0)(0)(0)(0)[write]
mov (0)(3)(0)(2)
brn (0)(0)(64)(3){end}
brn (0)(0)(0)(3){init}
orp (0)(0)(3)(4)
jmp (0)(0)(0)(0){init}
non (0)(0)(0)(0)[end]
onp (0)(0)(1)(2)
hlt (0)(0)(0)(0)
end (0)(0)(0)(0)
[STP]
